75 74 77 77 77 76 75 72 
70 58 65 53 62 50 65 53 
70 58 74 62 77 65 82 74 
77 60 63 65 75 74 72 70 69 67 
65 64 65 67 69 70 70 62 72 
70 69 70 72 74 75 76 77 
79 77 82 74 77 60 63 65 75 74 
72 70 69 67 65 64 65 67 
69 70 70 62 70 70 62 74 65 70 70 
70 62 70 72 70 69 70 79 63 67 70 
70 72 70 69 70 77 62 65 70 70 
72 70 69 70 72 57 65 77 
75 73 58 74 70 72 70 69 
70 79 63 67 70 70 72 70 69 70 
77 62 65 70 70 72 70 69 70 72 
53 57 75 60 69 63 70 70 62 
62 70 67 55 67 43 62 66 69 50 62 38 
63 51 55 58 55 58 65 55 
63 62 58 63 72 50 56 70 
58 70 56 58 70 56 58 70 
51 55 75 58 74 55 73 58 
72 55 71 58 70 50 56 58 
56 58 56 58 63 51 55 58 
55 58 65 55 63 62 58 63 
72 50 53 71 56 71 53 56 
71 53 56 72 51 55 79 60 
75 55 74 60 72 55 70 60 
69 54 60 63 60 60 60 63 
58 55 86 58 62 53 58 58 
86 79 76 77 62 76 67 67 
67 64 58 67 70 65 69 76 76 
77 77 77 76 77 72 77 81 
74 74 74 74 77 77 77 77 
77 77 75 60 75 70 72 74 
74 53 53 69 77 53 77 77 
77 77 77 75 77 77 63 77 
74 63 67 69 69 53 87 75 
77 65 77 60 60 77 62 62 
86 62 78 81 81 79 55 77 
77 77 60 53 53 76 63 55 
57 57 65 53 60 77 77 77 
60 60 60 62 53 59 63 77 
60 81 77 60 79 77 77 77 
77 75 75 74 67 63 63 67 
72 67 69 67 64 64 67 64 
64 67 64 64 64 64 67 64 
64 67 72 74 65 72 67 74 
62 65 71 67 67 62 62 62 
67 71 62 62 71 65 64 64 
62 64 64 67 67 62 64 67 
56 60 60 68 63 60 60 68 56 60 
60 68 63 60 60 70 77 55 58 76 
60 58 55 58 60 60 70 58 60 70 
55 58 60 60 70 58 79 60 68 53 
56 77 60 56 53 56 60 60 68 
56 60 68 53 56 60 60 68 56 80 
60 68 51 54 78 56 54 51 54 
60 68 56 54 60 68 51 54 60 68 56 
54 78 49 49 52 76 56 52 
49 52 52 64 68 60 52 51 51 
52 52 78 78 60 63 52 62 70 46 
46 63 67 46 46 65 68 70 77 75 
51 68 57 67 72 75 74 70 
74 62 67 70 72 65 72 72 70 
68 67 58 73 68 67 70 70 
55 73 61 72 50 56 71 65 
58 58 56 77 75 50 50 56 
75 75 51 51 51 72 56 75 
69 72 55 75 77 75 75 74 
74 56 65 62 62 55 79 60 
60 74 55 55 70 60 60 51 
55 63 63 60 60 86 86 86 
86 86 86 84 84 84 84 84 
62 62 62 62 62 62 58 62 
81 79 62 58 77 60 58 84 
84 84 84 84 84 57 62 60 
60 79 60 60 76 60 84 60 
84 83 83 83 79 60 57 81 
60 60 82 79 58 81 82 82 
79 79 77 82 82 84 62 58 
82 55 76 52 60 69 74 74 58 
86 86 77 77 81 77 82 81 
77 84 84 84 57 84 82 74 
76 72 57 74 60 72 72 72 
57 57 79 72 81 58 74 74 
71 77 82 81 84 79 81 81 
57 82 52 52 57 79 81 81 
82 81 85 79 65 70 69 79 60 
60 77 74 65 70 77 60 60 60 
46 57 57 53 53 57 57 66 
74 55 57 71 71 57 74 74 
52 65 69 74 74 74 74 71 74 
74 71 71 71 71 79 84 84 
79 59 83 83 81 79 78 50 
50 55 55 75 57 74 59 86 
60 57 60 79 59 59 55 67 
59 66 71 65 64 62 62 79 
72 69 60 62 69 60 79 60 
57 62 68 67 74 74 65 65 
72 55 72 72 72 72 55 62 
